FID	IID	DQ69	DQ62	DQ92	DQ73	DQ75	DQ22	DQ61	DQ25	DQ63	DQ53	DQ51	DQ42	DQ81
DEMO	228151	0	0.0	0	0.0	0.0	0.0	0	0.0	0.0	0	0.0	0.0	2.0
DEMO	814134	0	0.0	0	0.0	0.0	0.0	0	0.0	0.0	0	1.0	0.0	1.0
DEMO	928265	0	0.0	0	0.0	0.0	0.0	0	1.0	0.0	0	0.0	0.0	1.0
DEMO	315580	0	0.0	0	0.0	0.0	0.0	0	1.0	0.0	0	0.0	0.0	0.0
DEMO	160714	0	0.0	0	0.0	0.0	0.0	0	1.0	1.0	0	0.0	0.0	0.0
DEMO	268779	0	0.0	0	0.0	0.0	0.0	0	1.0	0.0	0	0.0	0.0	1.0
DEMO	938731	0	1.0	0	0.0	0.0	0.0	0	0.0	0.0	0	0.0	0.0	0.0
DEMO	917597	0	0.0	0	0.0	0.0	0.0	0	2.0	0.0	0	0.0	0.0	0.0
DEMO	125705	0	0.0	0	0.0	0.0	0.0	0	1.0	0.0	0	0.0	0.0	1.0
DEMO	126404	0	0.0	0	0.0	0.0	0.0	0	1.0	0.0	0	0.0	0.0	1.0
DEMO	101365	0	0.0	0	0.0	0.0	0.0	0	0.0	0.0	0	0.0	0.0	0.0
DEMO	624249	0	0.0	0	0.0	0.0	0.0	0	0.0	0.0	0	0.0	0.0	2.0
DEMO	149810	0	0.0	0	0.0	0.0	0.0	0	1.0	0.0	0	0.0	0.0	1.0
DEMO	284783	0	0.0	0	0.0	0.0	0.0	0	0.0	0.0	0	1.0	0.0	0.0
DEMO	978955	0	0.0	0	0.0	0.0	0.0	0	1.0	0.0	0	0.0	1.0	0.0
DEMO	349187	0	0.0	0	1.0	0.0	0.0	0	0.0	0.0	0	0.0	0.0	1.0
DEMO	421043	0	0.0	0	0.0	0.0	1.0	0	0.0	0.0	0	0.0	0.0	1.0
DEMO	146674	0	0.0	0	0.0	0.0	0.0	0	0.0	0.0	0	0.0	0.0	2.0
DEMO	996795	0	0.0	0	0.0	0.0	0.0	0	1.0	0.0	0	1.0	0.0	0.0
DEMO	348991	0	0.0	0	0.0	0.0	0.0	0	0.0	0.0	0	1.0	0.0	1.0
DEMO	527471	0	0.0	0	0.0	0.0	0.0	0	2.0	0.0	0	0.0	0.0	0.0
DEMO	498933	0	0.0	0	0.0	0.0	0.0	0	0.0	0.0	0	0.0	0.0	2.0
DEMO	233548	0	0.0	0	0.0	0.0	0.0	0	0.0	0.0	0	0.0	0.0	0.0
DEMO	658864	0	0.0	0	0.0	0.0	0.0	0	1.0	0.0	0	0.0	0.0	1.0
DEMO	429468	0	0.0	0	0.0	0.0	0.0	0	1.0	0.0	0	0.0	0.0	1.0
DEMO	826717	0	0.0	0	0.0	0.0	0.0	0	1.0	0.0	0	0.0	0.0	1.0
DEMO	316652	0	0.0	0	0.0	0.0	0.0	0	0.0	0.0	0	0.0	0.0	2.0
DEMO	994697	0	0.0	0	1.0	0.0	0.0	0	0.0	0.0	0	1.0	0.0	0.0
DEMO	709376	0	0.0	0	0.0	0.0	0.0	0	0.0	0.0	0	1.0	0.0	1.0
DEMO	557242	0	0.0	0	0.0	0.0	0.0	0	1.0	0.0	0	0.0	0.0	1.0
DEMO	746109	0	0.0	0	0.0	0.0	1.0	0	0.0	0.0	0	1.0	0.0	0.0
DEMO	825714	0	0.0	0	0.0	0.0	0.0	0	1.0	0.0	0	0.0	0.0	1.0
DEMO	143943	0	0.0	0	1.0	0.0	0.0	0	0.0	0.0	0	0.0	0.0	1.0
DEMO	283773	0	0.0	0	0.0	0.0	0.0	0	1.0	0.0	0	0.0	1.0	0.0
DEMO	369355	0	0.0	0	0.0	0.0	0.0	0	0.0	0.0	0	0.0	0.0	2.0
DEMO	175362	0	0.0	0	0.0	0.0	0.0	0	0.0	0.0	0	0.0	0.0	1.0
DEMO	908230	0	0.0	0	0.0	0.0	0.0	0	1.0	0.0	0	0.0	0.0	1.0
DEMO	624326	0	0.0	0	0.0	0.0	0.0	0	0.0	0.0	0	0.0	0.0	1.0
DEMO	320888	0	0.0	0	0.0	0.0	0.0	0	1.0	0.0	0	0.0	0.0	0.0
DEMO	184052	0	0.0	0	0.0	0.0	0.0	0	0.0	0.0	0	0.0	1.0	1.0
DEMO	502041	0	0.0	0	0.0	0.0	0.0	0	0.0	0.0	0	1.0	0.0	0.0
DEMO	221028	0	0.0	0	0.0	1.0	0.0	0	0.0	0.0	0	0.0	1.0	0.0
DEMO	672270	0	0.0	0	0.0	0.0	0.0	0	2.0	0.0	0	0.0	0.0	0.0
DEMO	159103	0	0.0	0	0.0	0.0	0.0	0	0.0	0.0	0	0.0	1.0	1.0
DEMO	193621	0	0.0	0	0.0	0.0	0.0	0	1.0	0.0	0	0.0	0.0	0.0
DEMO	506638	0	0.0	0	0.0	0.0	0.0	0	0.0	0.0	0	1.0	1.0	0.0
DEMO	280019	0	0.0	0	0.0	0.0	0.0	0	1.0	0.0	0	0.0	0.0	0.0
DEMO	155248	0	0.0	0	0.0	0.0	0.0	0	0.0	0.0	0	1.0	0.0	1.0
